169 185
2 8 8
1 1
1 1 0 25 INV
2 1 0 25 26 AND
2 1 0 26 16 AND
1 1 16 17 INV
1 1 0 27 INV
2 1 0 27 28 AND
2 1 0 28 18 AND
1 1 0 29 INV
1 1 1 30 INV
1 1 2 31 INV
1 1 3 32 INV
1 1 8 33 INV
1 1 9 34 INV
1 1 10 35 INV
1 1 11 36 INV
2 1 0 8 37 XOR
2 1 1 9 38 XOR
2 1 2 10 39 XOR
2 1 3 11 40 XOR
1 1 37 41 INV
1 1 38 42 INV
1 1 39 43 INV
1 1 40 44 INV
2 1 0 33 66 AND
2 1 42 43 67 AND
2 1 66 67 45 AND
2 1 44 45 46 AND
2 1 1 34 68 AND
2 1 43 44 69 AND
2 1 68 69 47 AND
2 1 2 35 48 AND
2 1 44 48 49 AND
2 1 3 36 50 AND
2 1 29 8 70 AND
2 1 42 43 71 AND
2 1 70 71 51 AND
2 1 44 51 52 AND
2 1 9 30 72 AND
2 1 43 44 73 AND
2 1 72 73 53 AND
2 1 10 31 54 AND
2 1 44 54 55 AND
2 1 11 32 56 AND
2 1 46 46 74 AND
2 1 47 47 75 AND
1 1 74 76 INV
1 1 75 77 INV
2 1 76 77 78 AND
1 1 78 57 INV
2 1 49 49 79 AND
2 1 50 50 80 AND
1 1 79 81 INV
1 1 80 82 INV
2 1 81 82 83 AND
1 1 83 58 INV
2 1 57 57 84 AND
2 1 58 58 85 AND
1 1 84 86 INV
1 1 85 87 INV
2 1 86 87 88 AND
1 1 88 61 INV
2 1 52 52 89 AND
2 1 53 53 90 AND
1 1 89 91 INV
1 1 90 92 INV
2 1 91 92 93 AND
1 1 93 59 INV
2 1 55 55 94 AND
2 1 56 56 95 AND
1 1 94 96 INV
1 1 95 97 INV
2 1 96 97 98 AND
1 1 98 60 INV
2 1 59 59 99 AND
2 1 60 60 100 AND
1 1 99 101 INV
1 1 100 102 INV
2 1 101 102 103 AND
1 1 103 63 INV
2 1 41 42 104 AND
2 1 43 44 105 AND
2 1 104 105 62 AND
2 1 16 62 64 AND
2 1 18 62 65 AND
2 1 61 64 19 XOR
2 1 17 62 20 AND
2 1 63 65 21 XOR
1 1 4 106 INV
1 1 5 107 INV
1 1 6 108 INV
1 1 7 109 INV
1 1 12 110 INV
1 1 13 111 INV
1 1 14 112 INV
1 1 15 113 INV
2 1 4 12 114 XOR
2 1 5 13 115 XOR
2 1 6 14 116 XOR
2 1 7 15 117 XOR
1 1 114 118 INV
1 1 115 119 INV
1 1 116 120 INV
1 1 117 121 INV
2 1 4 110 143 AND
2 1 119 120 144 AND
2 1 143 144 122 AND
2 1 121 122 123 AND
2 1 5 111 145 AND
2 1 120 121 146 AND
2 1 145 146 124 AND
2 1 6 112 125 AND
2 1 121 125 126 AND
2 1 7 113 127 AND
2 1 106 12 147 AND
2 1 119 120 148 AND
2 1 147 148 128 AND
2 1 121 128 129 AND
2 1 13 107 149 AND
2 1 120 121 150 AND
2 1 149 150 130 AND
2 1 14 108 131 AND
2 1 121 131 132 AND
2 1 15 109 133 AND
2 1 123 123 151 AND
2 1 124 124 152 AND
1 1 151 153 INV
1 1 152 154 INV
2 1 153 154 155 AND
1 1 155 134 INV
2 1 126 126 156 AND
2 1 127 127 157 AND
1 1 156 158 INV
1 1 157 159 INV
2 1 158 159 160 AND
1 1 160 135 INV
2 1 134 134 161 AND
2 1 135 135 162 AND
1 1 161 163 INV
1 1 162 164 INV
2 1 163 164 165 AND
1 1 165 138 INV
2 1 129 129 166 AND
2 1 130 130 167 AND
1 1 166 168 INV
1 1 167 169 INV
2 1 168 169 170 AND
1 1 170 136 INV
2 1 132 132 171 AND
2 1 133 133 172 AND
1 1 171 173 INV
1 1 172 174 INV
2 1 173 174 175 AND
1 1 175 137 INV
2 1 136 136 176 AND
2 1 137 137 177 AND
1 1 176 178 INV
1 1 177 179 INV
2 1 178 179 180 AND
1 1 180 140 INV
2 1 118 119 181 AND
2 1 120 121 182 AND
2 1 181 182 139 AND
2 1 19 139 141 AND
2 1 21 139 142 AND
2 1 138 141 22 XOR
2 1 20 139 23 AND
2 1 140 142 24 XOR
1 1 22 183 INV
1 1 183 184 INV