32 65
2 32 1
1 32
2 1 0 32 33 AND
2 1 1 32 34 AND
2 1 2 32 35 AND
2 1 3 32 36 AND
2 1 4 32 37 AND
2 1 5 32 38 AND
2 1 6 32 39 AND
2 1 7 32 40 AND
2 1 8 32 41 AND
2 1 9 32 42 AND
2 1 10 32 43 AND
2 1 11 32 44 AND
2 1 12 32 45 AND
2 1 13 32 46 AND
2 1 14 32 47 AND
2 1 15 32 48 AND
2 1 16 32 49 AND
2 1 17 32 50 AND
2 1 18 32 51 AND
2 1 19 32 52 AND
2 1 20 32 53 AND
2 1 21 32 54 AND
2 1 22 32 55 AND
2 1 23 32 56 AND
2 1 24 32 57 AND
2 1 25 32 58 AND
2 1 26 32 59 AND
2 1 27 32 60 AND
2 1 28 32 61 AND
2 1 29 32 62 AND
2 1 30 32 63 AND
2 1 31 32 64 AND