80 91
2 4 7
1 3
1 1 0 11 INV
1 1 1 12 INV
1 1 2 13 INV
1 1 3 14 INV
1 1 4 15 INV
1 1 5 16 INV
1 1 6 17 INV
1 1 7 18 INV
2 1 0 4 19 XOR
2 1 1 5 20 XOR
2 1 2 6 21 XOR
2 1 3 7 22 XOR
1 1 19 23 INV
1 1 20 24 INV
1 1 21 25 INV
1 1 22 26 INV
2 1 0 15 48 AND
2 1 24 25 49 AND
2 1 48 49 27 AND
2 1 26 27 28 AND
2 1 1 16 50 AND
2 1 25 26 51 AND
2 1 50 51 29 AND
2 1 2 17 30 AND
2 1 26 30 31 AND
2 1 3 18 32 AND
2 1 11 4 52 AND
2 1 24 25 53 AND
2 1 52 53 33 AND
2 1 26 33 34 AND
2 1 5 12 54 AND
2 1 25 26 55 AND
2 1 54 55 35 AND
2 1 6 13 36 AND
2 1 26 36 37 AND
2 1 7 14 38 AND
2 1 28 28 56 AND
2 1 29 29 57 AND
1 1 56 58 INV
1 1 57 59 INV
2 1 58 59 60 AND
1 1 60 39 INV
2 1 31 31 61 AND
2 1 32 32 62 AND
1 1 61 63 INV
1 1 62 64 INV
2 1 63 64 65 AND
1 1 65 40 INV
2 1 39 39 66 AND
2 1 40 40 67 AND
1 1 66 68 INV
1 1 67 69 INV
2 1 68 69 70 AND
1 1 70 43 INV
2 1 34 34 71 AND
2 1 35 35 72 AND
1 1 71 73 INV
1 1 72 74 INV
2 1 73 74 75 AND
1 1 75 41 INV
2 1 37 37 76 AND
2 1 38 38 77 AND
1 1 76 78 INV
1 1 77 79 INV
2 1 78 79 80 AND
1 1 80 42 INV
2 1 41 41 81 AND
2 1 42 42 82 AND
1 1 81 83 INV
1 1 82 84 INV
2 1 83 84 85 AND
1 1 85 45 INV
2 1 23 24 86 AND
2 1 25 26 87 AND
2 1 86 87 44 AND
2 1 8 44 46 AND
2 1 10 44 47 AND
2 1 43 46 88 XOR
2 1 9 44 89 AND
2 1 45 47 90 XOR