99 147
2 32 32
1 1
1 1 0 72 INV
2 1 0 72 73 AND
2 1 0 73 64 AND
2 1 0 32 74 XOR
2 1 1 33 75 XOR
2 1 2 34 76 XOR
2 1 3 35 77 XOR
1 1 74 78 INV
1 1 75 79 INV
1 1 76 80 INV
1 1 77 81 INV
2 1 78 79 82 AND
2 1 80 81 65 AND
2 1 82 65  AND
2 1 64   AND
2 1 4 36 83 XOR
2 1 5 37 84 XOR
2 1 6 38 85 XOR
2 1 7 39 86 XOR
1 1 83 87 INV
1 1 84 88 INV
1 1 85 89 INV
1 1 86 90 INV
2 1 87 88 91 AND
2 1 89 90 66 AND
2 1 91 66  AND
2 1 65   AND
2 1 8 40 92 XOR
2 1 9 41 93 XOR
2 1 10 42 94 XOR
2 1 11 43 95 XOR
1 1 92 96 INV
1 1 93 97 INV
1 1 94 98 INV
1 1 95 99 INV
2 1 96 97 100 AND
2 1 98 99 67 AND
2 1 100 67  AND
2 1 66   AND
2 1 12 44 101 XOR
2 1 13 45 102 XOR
2 1 14 46 103 XOR
2 1 15 47 104 XOR
1 1 101 105 INV
1 1 102 106 INV
1 1 103 107 INV
1 1 104 108 INV
2 1 105 106 109 AND
2 1 107 108 68 AND
2 1 109 68  AND
2 1 67   AND
2 1 16 48 110 XOR
2 1 17 49 111 XOR
2 1 18 50 112 XOR
2 1 19 51 113 XOR
1 1 110 114 INV
1 1 111 115 INV
1 1 112 116 INV
1 1 113 117 INV
2 1 114 115 118 AND
2 1 116 117 69 AND
2 1 118 69  AND
2 1 68   AND
2 1 20 52 119 XOR
2 1 21 53 120 XOR
2 1 22 54 121 XOR
2 1 23 55 122 XOR
1 1 119 123 INV
1 1 120 124 INV
1 1 121 125 INV
1 1 122 126 INV
2 1 123 124 127 AND
2 1 125 126 70 AND
2 1 127 70  AND
2 1 69   AND
2 1 24 56 128 XOR
2 1 25 57 129 XOR
2 1 26 58 130 XOR
2 1 27 59 131 XOR
1 1 128 132 INV
1 1 129 133 INV
1 1 130 134 INV
1 1 131 135 INV
2 1 132 133 136 AND
2 1 134 135 71 AND
2 1 136 71  AND
2 1 70   AND
2 1 28 60 137 XOR
2 1 29 61 138 XOR
2 1 30 62 139 XOR
2 1 31 63 140 XOR
1 1 137 141 INV
1 1 138 142 INV
1 1 139 143 INV
1 1 140 144 INV
2 1 141 142 145 AND
2 1 143 144 146 AND
2 1 145 146  AND
2 1 71   AND